0.0031820069204152243
0.0038519031141868504
0.004186851211072664
0.004689273356401383
0.005191695501730102
0.005694117647058823
0.006196539792387543
0.006531487889273357
0.007201384083044983
0.007536332179930796
0.00787128027681661
0.008373702422145328
0.008876124567474048
0.009211072664359861
0.009546020761245675
0.009880968858131488
0.010215916955017302
0.010550865051903115
0.011053287197231833
0.011555709342560552
0.011890657439446367
0.012393079584775086
0.012895501730103804
0.013230449826989616
0.013565397923875431
0.013900346020761243
0.014402768166089966
0.01457024221453287
0.015072664359861591
0.015240138408304495
0.01557508650519031
0.015910034602076125
0.016244982698961935
0.016579930795847752
0.016914878892733562
0.017249826989619375
0.01758477508650519
0.017919723183391002
0.018254671280276816
0.01858961937716263
0.01858961937716263
0.01892456747404844
0.019259515570934256
0.019594463667820066
0.019929411764705883
0.019929411764705883
0.02026435986159169
0.02059930795847751
0.02059930795847751
0.020934256055363316
0.02110173010380623
0.021269204152249133
0.021771626297577854
0.022106574394463667
0.02244152249134948
0.022943944636678197
0.023111418685121104
0.023613840830449824
0.023781314878892734
0.02394878892733564
0.024451211072664354
0.024618685121107264
0.024953633217993078
0.02528858131487889
0.025456055363321795
0.025791003460207608
0.02595847750865051
0.02629342560553633
0.02646089965397923
0.026628373702422145
0.026963321799307955
0.02729826989619376
0.027633217993079585
0.027800692041522485
0.027968166089965395
0.02830311418685121
0.028470588235294116
0.028638062283737015
0.02897301038062284
0.02914048442906574
0.02930795847750865
0.02947543252595155
0.029810380622837366
0.029977854671280266
0.030145328719723183
0.03031280276816609
0.03048027681660899
0.030647750865051903
0.030982698961937713
0.030982698961937713
0.03115017301038062
0.03131764705882352
0.03148512110726644
0.03131764705882352
0.03115017301038062
0.03115017301038062
0.030982698961937713
0.030815224913494803
0.030815224913494803
0.030815224913494803
0.030647750865051903
0.03048027681660899
0.03048027681660899
0.03031280276816609
0.03031280276816609
0.03031280276816609
0.030145328719723183
0.030145328719723183
0.030145328719723183
0.029977854671280266
0.029977854671280266
0.029810380622837366
0.029810380622837366
0.029810380622837366
0.029810380622837366
0.029642906574394463
0.029642906574394463
0.029642906574394463
0.029642906574394463
0.029642906574394463
0.029642906574394463
0.029642906574394463
0.02947543252595155
0.029642906574394463
0.02947543252595155
0.02947543252595155
0.02947543252595155
0.02947543252595155
0.02947543252595155
0.02947543252595155
0.02930795847750865
0.02914048442906574
0.02930795847750865
0.02914048442906574
0.02897301038062284
0.02897301038062284
0.02897301038062284
0.02897301038062284
0.028805536332179933
0.028805536332179933
0.028805536332179933
0.028805536332179933
0.028805536332179933
0.028805536332179933
0.028638062283737015
0.028638062283737015
0.028638062283737015
0.028470588235294116
0.028638062283737015
0.028470588235294116
0.028470588235294116
0.028470588235294116
0.028470588235294116
0.028470588235294116
0.028470588235294116
0.028470588235294116
0.02830311418685121
время эксперимента: 8.935822248458862c
период измерения: 0.056916065276808044раз
частота дискретизации: 17.56973176442463Гц
шаг квантования: 0.012941176470588235B
